30 1
888 1
9669 1
4664 1
3993 1
6 1
3553 1
88 1
56565 1
9 1
77 1
8118 1
97979 1
55 1
55 1
4994 1
33 1
27472 1
44 1
9559 1
77 1
11 1
17971 1
3 1
88 1
47074 1
22 1
55655 1
76167 1
4334 1
0 1
222 1
27772 1
9889 1
99 1
1331 1
949 1
33 1
22 1
55 1
8 1
44944 1
5 1
0 1
838 1
4114 1
33 1
949 1
8778 1
7667 1
3 1
96169 1
3 1
8 1
21812 1
0 1
12521 1
33 1
880 1
858 1
84648 1
6 1
1 1
93739 1
6060 1
83138 1
585 1
77 1
8778 1
33 1
939 1
5 1
2112 1
1 1
30703 1
585 1
3 1
77 1
727 1
2 1
2820 1
444 1
11 1
77 1
44 1
515 1
3 1
99999 1
6886 1
1010 1
2 1
22 1
44 1
0 1
2 1
0 1
4224 1
64946 1
959 1
67076 1
434 1
30203 1
878 1
77 1
535 1
66 1
8 1
797 1
3 1
999 1
4 1
888 1
99 1
45454 1
797 1
3113 1
181 1
888 1
770 1
8 1
99 1
6 1
40604 1
8 1
660 1
898 1
77 1
88 1
3443 1
63136 1
77 1
8 1
8 1
55 1
838 1
3 1
949 1
3 1
55 1
5665 1
3553 1
7667 1
64246 1
22 1
2992 1
1881 1
0 1
55 1
5 1
929 1
595 1
4 1
50305 1
80 1
0 1
6556 1
979 1
969 1
99 1
545 1
39693 1
6 1
55 1
88 1
22 1
6776 1
2 1
55755 1
99 1
5225 1
9559 1
8778 1
7117 1
686 1
53335 1
9559 1
42424 1
3 1
2222 1
8180 1
44 1
3003 1
808 1
3 1
4 1
0 1
393 1
494 1
39293 1
8558 1
88588 1
3 1
2332 1
22 1
82728 1
28782 1
3 1
626 1
272 1
2 1
404 1
11 1
939 1
474 1
3 1
44 1
3223 1
4664 1
440 1
3730 1
1221 1
88 1
55 1
333 1
6 1
0 1
444 1
282 1
44344 1
22622 1
3223 1
5 1
12221 1
550 1
989 1
3773 1
4 1
6226 1
5 1
61916 1
7667 1
44 1
70 1
747 1
44 1
8888 1
98989 1
393 1
55 1
585 1
3 1
8 1
2552 1
0 1
2552 1
7887 1
9 1
4 1
4114 1
959 1
11 1
898 1
55 1
3 1
969 1
6 1
282 1
5555 1
330 1
1111 1
4004 1
10301 1
303 1
51115 1
5 1
1551 1
1881 1
5 1
71217 1
9779 1
777 1
4 1
54745 1
6996 1
0 1
11 1
202 1
1441 1
7 1
30 1
17071 1
6336 1
5 1
8 1
404 1
77977 1
9229 1
19291 1
727 1
22 1
606 1
3663 1
33 1
8 1
6 1
55 1
10301 1
77 1
30 1
2 1
77 1
2442 1
9889 1
4 1
33 1
990 1
5350 1
81218 1
22 1
3 1
8448 1
22 1
9119 1
43034 1
727 1
3333 1
4 1
20 1
3 1
8 1
939 1
838 1
646 1
7337 1
101 1
363 1
55 1
7777 1
1 1
2002 1
98789 1
5335 1
9 1
6 1
292 1
575 1
60 1
67876 1
300 1
1661 1
0 1
5 1
9 1
1 1
8228 1
6446 1
7777 1
48384 1
12821 1
9009 1
7 1
5885 1
848 1
77 1
626 1
3 1
66 1
6446 1
505 1
11 1
70 1
8 1
8668 1
3 1
4664 1
74547 1
990 1
37173 1
434 1
4 1
33 1
11 1
29692 1
55355 1
77977 1
77 1
616 1
85958 1
77 1
9 1
939 1
55 1
232 1
82328 1
4 1
68686 1
5 1
4 1
171 1
9889 1
1 1
77 1
44 1
3230 1
707 1
818 1
6226 1
38083 1
3 1
17671 1
7 1
9449 1
99 1
6 1
2772 1
1661 1
46464 1
5 1
66166 1
4774 1
53235 1
2992 1
11 1
77 1
77 1
7997 1
5445 1
81618 1
5 1
737 1
1 1
4004 1
99 1
27772 1
77 1
616 1
0 1
39593 1
4 1
22 1
7117 1
4774 1
15751 1
212 1
33 1
66 1
252 1
770 1
7997 1
959 1
636 1
44644 1
3883 1
81918 1
77 1
85258 1
31513 1
1110 1
66 1
818 1
787 1
5225 1
3223 1
0 1
2552 1
11 1
9090 1
90 1
7667 1
43134 1
212 1
2 1
0 1
54145 1
474 1
40 1
0 1
898 1
61216 1
5 1
66 1
77 1
6446 1
61716 1
76567 1
67776 1
4 1
22 1
5 1
454 1
18781 1
3223 1
0 1
5 1
62626 1
11 1
4 1
90009 1
434 1
99 1
9 1
171 1
0 1
88 1
9229 1
3773 1
7337 1
84948 1
30 1
3 1
33 1
99 1
88 1
44 1
777 1
58285 1
88 1
80708 1
0 1
494 1
6 1
69696 1
8 1
1110 1
11611 1
4 1
3430 1
0 1
22 1
3 1
0 1
49494 1
99 1
444 1
1 1
88 1
88 1
434 1
74347 1
36563 1
3993 1
6556 1
30 1
656 1
1771 1
78887 1
8008 1
33 1
7 1
91219 1
29792 1
303 1
82228 1
93039 1
66 1
939 1
7007 1
88 1
20 1
99 1
666 1
82628 1
404 1
5995 1
6886 1
99 1
91719 1
959 1
797 1
2772 1
1 1
43834 1
9 1
2 1
2332 1
28682 1
4554 1
7 1
57175 1
54645 1
1001 1
330 1
99 1
7 1
333 1
33 1
7 1
9999 1
565 1
8778 1
9669 1
220 1
303 1
737 1
7 1
383 1
0 1
25652 1
66 1
22 1
777 1
9999 1
8558 1
4 1
9 1
9999 1
8 1
8008 1
1 1
0 1
77 1
4 1
9 1
88 1
2 1
91419 1
55 1
6666 1
55 1
6446 1
6776 1
77 1
88 1
88 1
3 1
44 1
39693 1
4664 1
55255 1
474 1
4 1
6556 1
68986 1
5335 1
9 1
181 1
880 1
22 1
151 1
6 1
18881 1
717 1
88 1
5445 1
3773 1
969 1
7227 1
39993 1
11 1
0 1
5885 1
99 1
33 1
373 1
27972 1
4 1
3 1
7117 1
2992 1
44 1
28882 1
22 1
3 1
82128 1
161 1
44 1
4774 1
56665 1
55 1
2992 1
1 1
676 1
39393 1
868 1
4 1
747 1
20302 1
1881 1
9 1
5115 1
36763 1
99 1
66 1
626 1
2662 1
5 1
48284 1
75357 1
33 1
676 1
4 1
22 1
49894 1
77 1
88 1
8118 1
55 1
6776 1
6446 1
11011 1
7 1
707 1
56465 1
74647 1
99 1
727 1
22 1
1771 1
33 1
0 1
5775 1
404 1
65256 1
969 1
60406 1
94749 1
3773 1
42924 1
121 1
2552 1
69896 1
616 1
55 1
5 1
4 1
32023 1
22 1
5 1
9 1
0 1
4 1
50 1
515 1
989 1
11 1
333 1
4 1
220 1
14941 1
24942 1
797 1
9559 1
191 1
16061 1
77 1
39593 1
77 1
78987 1
47174 1
22 1
7997 1
30603 1
171 1
55 1
4774 1
2 1
989 1
44 1
4 1
1 1
444 1
7 1
30203 1
5 1
4740 1
66 1
0 1
77 1
1111 1
660 1
1 1
4884 1
343 1
4 1
88 1
99 1
66 1
3 1
6336 1
99 1
6 1
7887 1
55 1
383 1
0 1
5335 1
9229 1
383 1
868 1
0 1
63236 1
6 1
40404 1
606 1
11 1
1441 1
0 1
878 1
88 1
8 1
55 1
6 1
0 1
5885 1
7 1
272 1
707 1
68586 1
626 1
71417 1
1 1
5555 1
5005 1
66 1
80508 1
11 1
757 1
79597 1
3 1
99 1
4 1
9 1
99 1
73737 1
12621 1
77 1
232 1
13931 1
969 1
5445 1
6556 1
33 1
383 1
50105 1
7557 1
48484 1
55 1
494 1
17271 1
20302 1
8 1
0 1
77477 1
2112 1
1 1
9 1
49994 1
3 1
330 1
111 1
55 1
88 1
5555 1
818 1
5225 1
52025 1
6886 1
797 1
7 1
55 1
32023 1
87078 1
9339 1
3113 1
77 1
323 1
141 1
1 1
5 1
47574 1
8778 1
20702 1
525 1
0 1
9669 1
32823 1
900 1
88 1
88 1
959 1
11111 1
660 1
65756 1
5225 1
55 1
65856 1
66 1
1881 1
5 1
2 1
4 1
4994 1
2332 1
525 1
19091 1
83138 1
8228 1
5 1
6336 1
33 1
19291 1
5 1
2 1
5 1
8 1
787 1
545 1
5995 1
9889 1
585 1
545 1
33 1
2772 1
6 1
2 1
3553 1
1551 1
40404 1
575 1
5005 1
220 1
40904 1
4444 1
8 1
91519 1
8888 1
11 1
0 1
1 1
808 1
9 1
1 1
44144 1
161 1
373 1
646 1
99 1
24042 1
8668 1
6 1
33 1
9 1
2 1
797 1
22 1
323 1
5 1
5225 1
2222 1
85758 1
6446 1
200 1
393 1
220 1
66 1
5 1
4 1
434 1
40 1
21512 1
660 1
29492 1
78687 1
2 1
8 1
6 1
4640 1
66 1
51615 1
32623 1
1 1
818 1
1 1
282 1
181 1
525 1
44 1
88 1
16961 1
5445 1
11 1
535 1
81818 1
8558 1
34243 1
8 1
33 1
15851 1
393 1
83438 1
68086 1
101 1
9 1
6 1
16161 1
0 1
1111 1
6960 1
35353 1
2 1
62626 1
828 1
71017 1
131 1
880 1
32623 1
93639 1
3113 1
373 1
70307 1
9257 0
627 0
35 0
4043 0
7892 0
59 0
289 0
350 0
94 0
92657 0
91 0
249 0
465 0
24160 0
56 0
15623 0
98 0
4352 0
496 0
1834 0
43829 0
76018 0
8041 0
30 0
238 0
2454 0
3196 0
32233 0
92641 0
89 0
8941 0
104 0
5180 0
921 0
1230 0
58746 0
9751 0
21 0
27 0
27122 0
14 0
1837 0
322 0
463 0
80537 0
381 0
86506 0
4946 0
47862 0
6765 0
855 0
407 0
3749 0
509 0
64 0
82053 0
133 0
85 0
18937 0
17 0
4295 0
200 0
9765 0
6386 0
73628 0
92977 0
56 0
16611 0
40868 0
885 0
451 0
8439 0
9834 0
41025 0
90112 0
50 0
162 0
9892 0
5057 0
5371 0
90323 0
2094 0
3765 0
46 0
1550 0
71188 0
93 0
83567 0
71 0
1389 0
8211 0
98 0
52706 0
84 0
74407 0
1573 0
7012 0
3081 0
35 0
740 0
9014 0
3908 0
27155 0
40 0
214 0
204 0
5676 0
20 0
781 0
38513 0
2264 0
82 0
93119 0
2928 0
16 0
182 0
84 0
238 0
1247 0
2344 0
2303 0
27 0
19 0
4031 0
78 0
34 0
82 0
660 0
92 0
1614 0
91088 0
5888 0
886 0
1653 0
221 0
1244 0
3264 0
87 0
633 0
5504 0
5463 0
3616 0
70984 0
8969 0
80 0
269 0
91821 0
2787 0
79 0
37 0
87 0
15 0
6081 0
315 0
254 0
5368 0
88115 0
866 0
3793 0
906 0
7380 0
59 0
16647 0
2608 0
487 0
59734 0
850 0
5713 0
516 0
710 0
78119 0
433 0
870 0
9879 0
67 0
7238 0
219 0
17444 0
3526 0
36330 0
1743 0
59 0
152 0
36 0
58743 0
40 0
835 0
7425 0
14570 0
499 0
9671 0
5143 0
55989 0
34323 0
13 0
75991 0
62828 0
12736 0
9312 0
5838 0
9800 0
6835 0
4325 0
879 0
68 0
5573 0
1680 0
12 0
34 0
91150 0
299 0
73861 0
3927 0
87313 0
49 0
697 0
31450 0
619 0
1471 0
7499 0
63569 0
1707 0
12266 0
13034 0
71 0
2702 0
4468 0
442 0
853 0
2319 0
619 0
28 0
54597 0
57 0
5191 0
92646 0
88289 0
465 0
31723 0
6771 0
73766 0
2107 0
14220 0
72 0
217 0
73169 0
1478 0
126 0
60 0
463 0
54 0
635 0
771 0
7934 0
572 0
85349 0
2709 0
47706 0
4687 0
7125 0
876 0
43 0
690 0
5144 0
27 0
10 0
556 0
36 0
82 0
36 0
270 0
1629 0
3271 0
2975 0
9458 0
1983 0
98 0
82 0
28 0
922 0
826 0
91 0
3959 0
61820 0
76446 0
44278 0
579 0
709 0
4663 0
41925 0
29 0
751 0
674 0
58729 0
97 0
7228 0
118 0
12610 0
50784 0
67309 0
81549 0
41787 0
3682 0
1758 0
32191 0
2440 0
61 0
19007 0
9997 0
330 0
16 0
709 0
95 0
2337 0
6945 0
733 0
3275 0
20122 0
524 0
2180 0
65 0
2292 0
73 0
4826 0
76688 0
53 0
157 0
35 0
854 0
2909 0
82975 0
34 0
19909 0
83 0
418 0
46828 0
8281 0
87 0
42 0
14676 0
42869 0
3294 0
5174 0
50385 0
48095 0
29 0
38 0
75 0
34 0
28 0
23887 0
325 0
516 0
44464 0
77880 0
1888 0
94730 0
122 0
5936 0
78988 0
37427 0
5533 0
87721 0
538 0
72844 0
14 0
5501 0
9407 0
86336 0
234 0
97044 0
718 0
7783 0
7362 0
85 0
36160 0
234 0
1936 0
69367 0
26771 0
4258 0
9163 0
4697 0
79 0
99762 0
3226 0
16687 0
75 0
22659 0
1186 0
9127 0
7566 0
3323 0
7513 0
84602 0
566 0
211 0
1376 0
4366 0
102 0
5792 0
1647 0
60788 0
67 0
982 0
81 0
15 0
837 0
1848 0
2348 0
2545 0
8953 0
70 0
9416 0
61407 0
704 0
95 0
8712 0
64 0
9272 0
17 0
51 0
76463 0
917 0
15 0
91827 0
35 0
167 0
6524 0
44643 0
60 0
91466 0
758 0
61413 0
2602 0
6154 0
54 0
7692 0
460 0
56297 0
4702 0
62315 0
64040 0
934 0
516 0
5771 0
98 0
290 0
2449 0
2520 0
665 0
55152 0
5756 0
526 0
2177 0
27 0
6672 0
61788 0
70597 0
997 0
69 0
28 0
6631 0
3291 0
368 0
28642 0
69774 0
5682 0
517 0
7930 0
52 0
7816 0
17459 0
3786 0
8641 0
34 0
24505 0
43 0
94551 0
6053 0
72 0
9111 0
7873 0
81107 0
8536 0
67293 0
38 0
5479 0
34 0
467 0
319 0
36190 0
8321 0
76 0
65 0
75935 0
377 0
25 0
456 0
6489 0
3501 0
8272 0
13 0
9458 0
37996 0
46380 0
87868 0
41 0
74 0
16755 0
53719 0
889 0
4383 0
287 0
9746 0
6030 0
58878 0
214 0
28814 0
240 0
73226 0
856 0
44264 0
89372 0
84143 0
44879 0
557 0
2759 0
62071 0
39244 0
8544 0
91 0
993 0
99736 0
87738 0
12852 0
70704 0
5297 0
21340 0
40925 0
3386 0
17 0
31 0
8624 0
932 0
4014 0
48 0
8404 0
6599 0
605 0
14 0
85 0
61346 0
50913 0
93 0
967 0
27090 0
97 0
97 0
79 0
62 0
1301 0
4185 0
6822 0
5489 0
52588 0
95 0
1357 0
65 0
4742 0
15 0
827 0
61322 0
36412 0
9936 0
256 0
740 0
90 0
85 0
52 0
59 0
3899 0
20310 0
54 0
54409 0
61 0
18 0
5574 0
62 0
962 0
388 0
80778 0
1537 0
92 0
70 0
35 0
84694 0
567 0
910 0
5070 0
739 0
264 0
688 0
6087 0
65074 0
44900 0
43 0
7586 0
73 0
82 0
812 0
13 0
5066 0
499 0
17 0
93787 0
47 0
1851 0
19723 0
1052 0
6831 0
75968 0
82 0
237 0
1287 0
389 0
28 0
8964 0
982 0
48833 0
5399 0
38348 0
6360 0
49 0
28 0
7517 0
79643 0
10 0
821 0
8262 0
16 0
82411 0
6045 0
140 0
748 0
61 0
573 0
220 0
30883 0
314 0
8981 0
14 0
571 0
782 0
928 0
91915 0
389 0
73768 0
89 0
40 0
1088 0
25962 0
8756 0
322 0
227 0
32 0
7318 0
35412 0
784 0
6728 0
463 0
23 0
71 0
48788 0
13287 0
90 0
93 0
307 0
24385 0
41 0
908 0
3679 0
6418 0
690 0
29 0
62525 0
57112 0
214 0
94 0
4356 0
5782 0
80 0
773 0
36397 0
560 0
9185 0
14 0
3049 0
25 0
305 0
1987 0
71950 0
20355 0
477 0
37779 0
68324 0
807 0
19355 0
93 0
4119 0
89054 0
21391 0
394 0
6246 0
2977 0
984 0
1356 0
25178 0
56784 0
813 0
748 0
108 0
2303 0
725 0
3930 0
35914 0
40388 0
21 0
64 0
65 0
53 0
49 0
675 0
24 0
615 0
42 0
4144 0
45 0
108 0
15 0
15844 0
46 0
8145 0
57 0
643 0
9458 0
604 0
41 0
78 0
271 0
80440 0
4889 0
4876 0
64634 0
59 0
296 0
9361 0
73 0
9062 0
89 0
1718 0
8314 0
89 0
15071 0
44805 0
1411 0
5250 0
8981 0
62230 0
8883 0
1160 0
69 0
89 0
5637 0
57 0
795 0
1009 0
617 0
68 0
840 0
32885 0
571 0
93781 0
47 0
25 0
369 0
17 0
19899 0
2921 0
51743 0
892 0
35296 0
90 0
552 0
43 0
48 0
372 0
3674 0
549 0
3021 0
8796 0
24403 0
81807 0
19 0
79 0
15 0
3458 0
31 0
13811 0
750 0
906 0
90 0
8365 0
47652 0
43847 0
73 0
10373 0
493 0
27990 0
78 0
83 0
9746 0
4433 0
35 0
39 0
45 0
86 0
97 0
72804 0
13 0
28183 0
73205 0
14346 0
90 0
28 0
92948 0
9723 0
736 0
7506 0
630 0
35048 0
769 0
35 0
8947 0
3677 0
2245 0
97563 0
73 0
9994 0
48581 0
14928 0
7871 0
39 0
133 0
629 0
7350 0
3300 0
670 0
96704 0
60825 0
6114 0
32 0
8331 0
49070 0
23 0
986 0
34 0
30564 0
2236 0
75 0
4329 0
32 0
399 0
334 0
492 0
30 0
2186 0
433 0
54864 0
1927 0
5284 0
52 0
854 0
992 0
8848 0
927 0
31727 0
833 0
59338 0
722 0
83 0
3936 0
46621 0
31 0
723 0
154 0
9810 0
30 0
376 0
57831 0
63 0
2097 0
992 0
6481 0
19 0
875 0
502 0
614 0
341 0
89231 0
49401 0
720 0
4613 0
1358 0
97434 0
955 0
32 0
17341 0
98 0
3725 0
859 0
50 0
76 0
10 0
7039 0
5239 0
98 0
21891 0
18405 0
43 0
48609 0
75 0
32 0
53 0
669 0
41 0
70593 0
358 0
89423 0
72625 0
961 0
94 0
7783 0
28 0
336 0
920 0
894 0
85 0
43597 0
65629 0
24 0
42130 0
671 0
85992 0
26 0
30792 0
43 0
53 0
6182 0
816 0
90 0
91079 0
67 0
11646 0
88725 0
53433 0
32051 0
3445 0
206 0
7222 0
64493 0
9621 0
92094 0
940 0
7635 0
64 0
968 0
54371 0
470 0
990 0
22529 0
34 0
53063 0
67 0
19402 0
65 0
1038 0
92 0
27 0
1503 0
93 0
81644 0
52995 0
26433 0
639 0
48 0
71847 0
18938 0
91024 0
71451 0
