0 1
550 1
4774 1
88988 1
1881 1
0 1
313 1
181 1
4 1
1 1
67276 1
5 1
2 1
4334 1
3113 1
8008 1
78587 1
5 1
666 1
880 1
5 1
99 1
29792 1
66 1
4334 1
50705 1
5665 1
66 1
53935 1
7777 1
464 1
49294 1
11 1
454 1
828 1
2662 1
7997 1
8 1
646 1
6996 1
4340 1
990 1
72227 1
55255 1
49194 1
7 1
10 1
0 1
0 1
1881 1
5445 1
969 1
5 1
29092 1
33 1
44 1
696 1
50 1
65256 1
8 1
9339 1
2 1
5 1
2 1
9 1
33 1
22422 1
33 1
6666 1
252 1
5445 1
66 1
48684 1
2112 1
6226 1
79997 1
66 1
1 1
44 1
797 1
90609 1
0 1
9 1
7007 1
1771 1
151 1
99 1
9 1
0 1
6 1
121 1
21212 1
770 1
70 1
0 1
6 1
1331 1
99 1
88 1
4 1
83698 0
12 0
6810 0
57 0
4570 0
50566 0
6229 0
788 0
89 0
852 0
83 0
39873 0
326 0
42594 0
35251 0
452 0
82149 0
569 0
7286 0
11729 0
94678 0
8711 0
958 0
91598 0
340 0
5902 0
62988 0
15939 0
7726 0
20 0
43108 0
23 0
35 0
1410 0
83421 0
1358 0
6225 0
97 0
5530 0
48 0
566 0
9336 0
31 0
3608 0
25 0
8477 0
44585 0
4305 0
99383 0
35992 0
61157 0
672 0
640 0
54860 0
16 0
32 0
988 0
3255 0
837 0
3631 0
2323 0
76 0
425 0
329 0
64995 0
42637 0
9620 0
24195 0
3925 0
538 0
850 0
50577 0
7658 0
847 0
400 0
1959 0
94022 0
86 0
13 0
45 0
377 0
17 0
2377 0
41 0
58 0
780 0
9776 0
99719 0
85 0
4242 0
136 0
33992 0
998 0
62 0
8087 0
3628 0
2065 0
40013 0
75 0
95521 0
